16746358
16746598
17810264
17930453
17930486
17932343
18942466
18942490
18949180
18954202
18954670
18957028
18958240
18962710
18964225
18964552
20263555
20265259
20265871
20266267
20267104
20269459
20269747
20269897
20269903
20270200
20270287
20271895
20272504
20273101
20274523
20274706
20276986
21261116
21261392
21262247
21262409
21263261
21264641
21264923
22036375
22038535
22040185
22040509
22043365
22053817
22054822
22055251
22056592
23640607
23641915
23652871
23653258
23661874
23669614
23670523
23671666
23672083
24261025
24261037
24261298
24261865
24262246
24262351
24262588
24408985
24409237
24409363
24409459
24409468
24409654
24409753
24409786
24409882
24410467
24410584
24410944
24411136
24411184
24655825
24655933
24656572
24656629
24656902
24657052
24657910
24658921
24659152
24659362
24659437
24659500
24659569
24659683
24659716
24660106
24887239
24913171
24913939
24914245
24914875
24915022
24915037
24915319
24915439
24915697
24916408
24916588
24916831
24917077
25087876
25088404
25088479
25089298
25089319
25089475
25089532
25089979
25090225
25090381
25090510
25091269
25091473
25092586
25093195
25093471
25455487
25455547
25457149
25457473
25457860
25457887
25458037
25458067
25458172
25458220
25458292
25458493
25458754
25459480
25459594
25461211
25461952
25462465
25462636
25462726
25878202
25878535
25878850
25879936
25880884
25881799
25881871
25881901
25881907
25881913
25883158
25883779
25884157
25884484
25884886
25885558
25887133
25887397
26258437
26258698
26259394
26260606
26261308
26261656
26261755
26262151
26262622
26262742
26264269
26264311
26265769
26265799
26265814
26266558
26267011
27928828
27929374
27929716
27930598
27934909
27937897
27938967
27939092
27940847
27941102
27941864
27941984
27942851
28553250
28553403
28554219
28554594
28554852
28557438
28560150
28560339
28564104
28564128
28564194
28566801
28567947
28569582
28570698
28575036
